============================================================ P90 n=16 [(473, 495), (517, 539), (561, 583), (619, 641), (663, 685), (707, 729), (765, 787), (823, 845), (867, 889), (911, 933), (955, 977), (1013, 1035), (1057, 1079), (1101, 1123), (1145, 1167), (1189, 1210)]
[0] y=473 28.00 n=28.0 min=0.923 ws=[14, 15, 3, 16, 15] sc=[0.963, 1.0, 1.0, 0.923, 0.99]
[1] y=517 0.00 n=0.0 min=0.923 ws=[15, 3, 16, 15] sc=[1.0, 1.0, 0.923, 0.99]
[2] y=561 8.00 n=8.0 min=0.923 ws=[15, 3, 16, 15] sc=[1.0, 1.0, 0.923, 0.99]
[3] y=619 0.80 n=0.8 min=0.934 ws=[15, 3, 16, 15] sc=[1.0, 1.0, 0.934, 0.99]
[4] y=663 1.40 n=1.4 min=0.900 ws=[8, 3, 17, 15] sc=[0.9, 1.0, 0.995, 0.99]
[5] y=707 1.00 n=1.0 min=0.902 ws=[8, 3, 16, 15] sc=[0.902, 1.0, 0.923, 0.99]
[6] y=765 390.00 n=390.0 min=0.923 ws=[14, 14, 15, 3, 16, 15] sc=[0.955, 0.968, 1.0, 1.0, 0.923, 0.99]
[7] y=823 74.75 n=74.75 min=0.929 ws=[15, 17, 3, 15, 14] sc=[0.963, 0.929, 1.0, 0.992, 0.969]
[8] y=867 800 n=800 min=0.923 ws=[15, 16, 15] sc=[0.983, 0.923, 0.99]
[9] y=911 500 n=500 min=0.923 ws=[15, 16, 15] sc=[1.0, 0.923, 0.99]
[10] y=955 0.84 n=0.84 min=0.935 ws=[15, 3, 15, 17] sc=[0.967, 1.0, 0.966, 0.935]
[11] y=1013 0.94 n=0.94 min=0.935 ws=[15, 4, 15, 17] sc=[0.967, 1.0, 0.965, 0.935]
[12] y=1057 0.20 n=0.2 min=0.931 ws=[16, 3, 15, 15] sc=[0.931, 1.0, 1.0, 0.99]
[13] y=1101 1.05 n=1.05 min=0.969 ws=[8, 3, 15, 14] sc=[1.0, 1.0, 0.994, 0.969]
[14] y=1145 3.83 n=3.83 min=0.945 ws=[15, 3, 15, 15] sc=[0.962, 1.0, 0.997, 0.945]
[15] y=1189 1.00 n=1.0 min=0.900 ws=[8, 3, 16, 15] sc=[0.9, 1.0, 0.92, 0.975]
ARRAY [28.0, 0.0, 8.0, 0.8, 1.4, 1.0, 390.0, 74.75, 800, 500, 0.84, 0.94, 0.2, 1.05, 3.83, 1.0]
============================================================ PP19 n=15 [(517, 539), (561, 583), (619, 641), (663, 685), (707, 729), (765, 787), (823, 845), (867, 889), (911, 933), (955, 977), (1013, 1035), (1057, 1079), (1101, 1123), (1145, 1167), (1189, 1210)]
[0] y=517 25.00 n=25.0 min=0.923 ws=[15, 15, 3, 16, 15] sc=[0.952, 0.978, 1.0, 0.923, 0.99]
[1] y=561 0.00 n=0.0 min=0.923 ws=[15, 3, 16, 15] sc=[1.0, 1.0, 0.923, 0.99]
[2] y=619 0.90 n=0.9 min=0.931 ws=[16, 3, 15, 15] sc=[0.931, 1.0, 0.944, 0.99]
[3] y=663 0.70 n=0.7 min=0.929 ws=[16, 3, 15, 15] sc=[0.929, 1.0, 0.959, 0.99]
[4] y=707 1.00 n=1.0 min=0.902 ws=[8, 3, 16, 15] sc=[0.902, 1.0, 0.923, 0.99]
[5] y=765 400.00 n=400.0 min=0.923 ws=[17, 15, 15, 3, 16, 15] sc=[0.998, 0.964, 1.0, 1.0, 0.923, 0.99]
[6] y=823 72.25 n=72.25 min=0.960 ws=[15, 14, 3, 14, 14] sc=[0.987, 0.96, 1.0, 0.964, 0.969]
[7] y=867 750 n=750 min=0.950 ws=[15, 15, 15] sc=[0.95, 0.967, 0.99]
[8] y=911 600 n=600 min=0.923 ws=[15, 16, 15] sc=[1.0, 0.923, 0.99]
[9] y=955 0.29 n=0.29 min=0.964 ws=[15, 3, 14, 14] sc=[0.967, 1.0, 0.964, 0.966]
[10] y=1013 1.00 n=1.0 min=0.902 ws=[8, 3, 16, 15] sc=[0.902, 1.0, 0.923, 0.99]
[11] y=1057 0.20 n=0.2 min=0.931 ws=[16, 3, 15, 15] sc=[0.931, 1.0, 1.0, 0.99]
[12] y=1101 1.05 n=1.05 min=0.969 ws=[8, 3, 15, 14] sc=[1.0, 1.0, 0.994, 0.969]
[13] y=1145 3.10 n=3.1 min=0.955 ws=[14, 3, 8, 15] sc=[0.955, 1.0, 1.0, 0.99]
[14] y=1189 1.00 n=1.0 min=0.900 ws=[8, 3, 16, 15] sc=[0.9, 1.0, 0.92, 0.975]
INSERTED lightArmor 0.00 -> 16
ARRAY [25.0, 0.0, 0.0, 0.9, 0.7, 1.0, 400.0, 72.25, 750, 600, 0.29, 1.0, 0.2, 1.05, 3.1, 1.0]
============================================================ PP2000 n=15 [(517, 539), (561, 583), (619, 641), (663, 685), (707, 729), (765, 787), (823, 845), (867, 889), (911, 933), (955, 977), (1013, 1035), (1057, 1079), (1101, 1123), (1145, 1167), (1189, 1210)]
[0] y=517 24.00 n=24.0 min=0.923 ws=[15, 17, 3, 16, 15] sc=[0.995, 0.929, 1.0, 0.923, 0.99]
[1] y=561 0.00 n=0.0 min=0.923 ws=[15, 3, 16, 15] sc=[1.0, 1.0, 0.923, 0.99]
[2] y=619 1.10 n=1.1 min=0.947 ws=[7, 3, 8, 15] sc=[0.947, 1.0, 1.0, 0.99]
[3] y=663 0.70 n=0.7 min=0.929 ws=[16, 3, 15, 15] sc=[0.929, 1.0, 0.959, 0.99]
[4] y=707 1.00 n=1.0 min=0.902 ws=[8, 3, 16, 15] sc=[0.902, 1.0, 0.923, 0.99]
[5] y=765 350.00 n=350.0 min=0.923 ws=[14, 14, 15, 3, 16, 15] sc=[0.955, 0.971, 1.0, 1.0, 0.923, 0.99]
[6] y=823 67.50 n=67.5 min=0.967 ws=[14, 15, 3, 15, 15] sc=[0.969, 0.969, 1.0, 0.967, 0.99]
[7] y=867 1000 n=1000 min=0.900 ws=[8, 15, 16, 15] sc=[0.9, 0.967, 0.923, 0.99]
[8] y=911 600 n=600 min=0.923 ws=[15, 16, 15] sc=[1.0, 0.923, 0.99]
[9] y=955 0.10 n=0.1 min=0.925 ws=[16, 3, 8, 15] sc=[0.925, 1.0, 1.0, 0.99]
[10] y=1013 1.00 n=1.0 min=0.902 ws=[8, 3, 16, 15] sc=[0.902, 1.0, 0.923, 0.99]
[11] y=1057 0.15 n=0.15 min=0.902 ws=[15, 4, 8, 14] sc=[0.998, 1.0, 0.902, 0.969]
[12] y=1101 1.10 n=1.1 min=0.947 ws=[7, 3, 8, 15] sc=[0.947, 1.0, 1.0, 0.99]
[13] y=1145 3.33 n=3.33 min=0.945 ws=[15, 4, 15, 15] sc=[0.985, 1.0, 0.977, 0.945]
[14] y=1189 1.00 n=1.0 min=0.900 ws=[8, 3, 16, 15] sc=[0.9, 1.0, 0.92, 0.975]
INSERTED lightArmor 0.00 -> 16
ARRAY [24.0, 0.0, 0.0, 1.1, 0.7, 1.0, 350.0, 67.5, 1000, 600, 0.1, 1.0, 0.15, 1.1, 3.33, 1.0]
============================================================ REM700 n=17 drop-last-bolt [(415, 437), (459, 481), (503, 525), (547, 569), (605, 627), (649, 671), (693, 715), (751, 773), (809, 831), (853, 875), (897, 919), (955, 977), (999, 1021), (1043, 1065), (1087, 1109), (1131, 1153), (1189, 1210)]
[0] y=415 65.00 n=65.0 min=0.923 ws=[15, 15, 3, 16, 15] sc=[0.987, 0.978, 1.0, 0.923, 0.99]
[1] y=459 0.00 n=0.0 min=0.923 ws=[15, 3, 16, 15] sc=[1.0, 1.0, 0.923, 0.99]
[2] y=503 20.00 n=20.0 min=0.923 ws=[14, 15, 3, 16, 15] sc=[0.963, 1.0, 1.0, 0.923, 0.99]
[3] y=547 1.00 n=1.0 min=0.902 ws=[8, 3, 16, 15] sc=[0.902, 1.0, 0.923, 0.99]
[4] y=605 1.50 n=1.5 min=0.967 ws=[8, 3, 15, 15] sc=[1.0, 1.0, 0.967, 0.99]
[5] y=649 0.80 n=0.8 min=0.934 ws=[15, 3, 16, 15] sc=[1.0, 1.0, 0.934, 0.99]
[6] y=693 1.00 n=1.0 min=0.902 ws=[8, 3, 16, 15] sc=[0.902, 1.0, 0.923, 0.99]
[7] y=751 1050.01 n=1050.01 min=0.900 ws=[8, 15, 15, 16, 3, 15, 8] sc=[0.902, 0.964, 0.988, 0.925, 1.0, 0.993, 0.9]
[8] y=809 100.00 n=100.0 min=0.923 ws=[8, 15, 15, 3, 16, 15] sc=[1.0, 0.964, 1.0, 1.0, 0.923, 0.99]
[9] y=853 2000 n=2000 min=0.923 ws=[14, 15, 16, 15] sc=[0.96, 0.967, 0.923, 0.99]
[10] y=897 1.00 n=1.0 min=0.902 ws=[8, 3, 16, 15] sc=[0.902, 1.0, 0.923, 0.99]
[11] y=955 0.51 n=0.51 min=0.900 ws=[15, 4, 15, 8] sc=[0.998, 1.0, 0.997, 0.9]
[12] y=999 0.28 n=0.28 min=0.931 ws=[16, 3, 15, 15] sc=[0.931, 1.0, 1.0, 0.98]
[13] y=1043 0.94 n=0.94 min=0.935 ws=[15, 4, 15, 17] sc=[0.967, 1.0, 0.965, 0.935]
[14] y=1087 3.47 n=3.47 min=0.961 ws=[15, 3, 16, 15] sc=[0.979, 1.0, 0.961, 0.983]
[15] y=1131 0.90 n=0.9 min=0.931 ws=[16, 3, 15, 15] sc=[0.931, 1.0, 0.942, 0.99]
ARRAY [65.0, 0.0, 20.0, 1.0, 1.5, 0.8, 1.0, 1050.01, 100.0, 2000, 1.0, 0.51, 0.28, 0.94, 3.47, 0.9]
============================================================ RPK16 n=16 [(473, 495), (517, 539), (561, 583), (619, 641), (663, 685), (707, 729), (765, 787), (823, 845), (867, 889), (911, 933), (955, 977), (1013, 1035), (1057, 1079), (1101, 1123), (1145, 1167), (1189, 1210)]
[0] y=473 32.00 n=32.0 min=0.923 ws=[15, 15, 3, 16, 15] sc=[0.981, 0.952, 1.0, 0.923, 0.99]
[1] y=517 0.00 n=0.0 min=0.923 ws=[15, 3, 16, 15] sc=[1.0, 1.0, 0.923, 0.99]
[2] y=561 6.00 n=6.0 min=0.923 ws=[15, 3, 16, 15] sc=[0.987, 1.0, 0.923, 0.99]
[3] y=619 1.40 n=1.4 min=0.900 ws=[8, 3, 17, 15] sc=[0.9, 1.0, 0.995, 0.99]
[4] y=663 0.85 n=0.85 min=0.931 ws=[16, 3, 15, 14] sc=[0.931, 1.0, 0.986, 0.969]
[5] y=707 1.00 n=1.0 min=0.902 ws=[8, 3, 16, 15] sc=[0.902, 1.0, 0.923, 0.99]
[6] y=765 600.00 n=600.0 min=0.923 ws=[15, 15, 15, 3, 16, 15] sc=[0.982, 0.964, 1.0, 1.0, 0.923, 0.99]
[7] y=823 70.00 n=70.0 min=0.923 ws=[15, 15, 3, 16, 15] sc=[0.946, 1.0, 1.0, 0.923, 0.99]
[8] y=867 680 n=680 min=0.934 ws=[15, 16, 15] sc=[1.0, 0.934, 0.99]
[9] y=911 600 n=600 min=0.923 ws=[15, 16, 15] sc=[1.0, 0.923, 0.99]
[10] y=955 0.50 n=0.5 min=0.931 ws=[16, 3, 15, 15] sc=[0.931, 1.0, 0.967, 0.99]
[11] y=1013 0.80 n=0.8 min=0.934 ws=[15, 3, 16, 15] sc=[1.0, 1.0, 0.934, 0.99]
[12] y=1057 0.24 n=0.24 min=0.935 ws=[15, 4, 15, 17] sc=[0.967, 1.0, 0.974, 0.935]
[13] y=1101 0.98 n=0.98 min=0.931 ws=[16, 3, 15, 15] sc=[0.931, 1.0, 0.942, 0.98]
[14] y=1145 4.00 n=4.0 min=0.923 ws=[17, 3, 16, 15] sc=[0.929, 1.0, 0.923, 0.99]
[15] y=1189 1.00 n=1.0 min=0.900 ws=[8, 3, 16, 15] sc=[0.9, 1.0, 0.92, 0.975]
ARRAY [32.0, 0.0, 6.0, 1.4, 0.85, 1.0, 600.0, 70.0, 680, 600, 0.5, 0.8, 0.24, 0.98, 4.0, 1.0]
============================================================ RSH12 n=16 [(473, 495), (517, 539), (561, 583), (619, 641), (663, 685), (707, 729), (765, 787), (823, 845), (867, 889), (911, 933), (955, 977), (1013, 1035), (1057, 1079), (1101, 1123), (1145, 1167), (1189, 1210)]
[0] y=473 70.00 n=70.0 min=0.923 ws=[15, 15, 3, 16, 15] sc=[0.943, 1.0, 1.0, 0.923, 0.99]
[1] y=517 0.00 n=0.0 min=0.923 ws=[15, 3, 16, 15] sc=[1.0, 1.0, 0.923, 0.99]
[2] y=561 30.00 n=30.0 min=0.923 ws=[14, 15, 3, 16, 15] sc=[0.955, 1.0, 1.0, 0.923, 0.99]
[3] y=619 5.00 n=5.0 min=0.923 ws=[15, 3, 16, 15] sc=[0.978, 1.0, 0.923, 0.99]
[4] y=663 5.00 n=5.0 min=0.923 ws=[15, 3, 16, 15] sc=[0.978, 1.0, 0.923, 0.99]
[5] y=707 1.10 n=1.1 min=0.947 ws=[7, 3, 8, 15] sc=[0.947, 1.0, 1.0, 0.99]
[6] y=765 550.00 n=550.0 min=0.923 ws=[14, 14, 15, 3, 16, 15] sc=[0.968, 0.971, 1.0, 1.0, 0.923, 0.99]
[7] y=823 78.75 n=78.75 min=0.946 ws=[15, 15, 3, 15, 14] sc=[0.946, 1.0, 1.0, 0.992, 0.969]
[8] y=867 160 n=160 min=0.956 ws=[8, 15, 15] sc=[0.989, 0.956, 0.99]
[9] y=911 600 n=600 min=0.923 ws=[15, 16, 15] sc=[1.0, 0.923, 0.99]
[10] y=955 0.50 n=0.5 min=0.931 ws=[16, 3, 15, 15] sc=[0.931, 1.0, 0.967, 0.99]
[11] y=1013 0.86 n=0.86 min=0.931 ws=[16, 3, 15, 14] sc=[0.931, 1.0, 0.986, 0.968]
[12] y=1057 0.10 n=0.1 min=0.925 ws=[16, 3, 8, 15] sc=[0.925, 1.0, 1.0, 0.99]
[13] y=1101 1.06 n=1.06 min=0.968 ws=[8, 3, 15, 14] sc=[1.0, 1.0, 0.994, 0.968]
[14] y=1145 4.11 n=4.11 min=0.900 ws=[17, 4, 8, 8] sc=[0.976, 1.0, 0.902, 0.9]
[15] y=1189 1.30 n=1.3 min=0.937 ws=[8, 3, 15, 15] sc=[0.992, 1.0, 0.937, 0.975]
ARRAY [70.0, 0.0, 30.0, 5.0, 5.0, 1.1, 550.0, 78.75, 160, 600, 0.5, 0.86, 0.1, 1.06, 4.11, 1.3]
============================================================ SCARH n=16 [(473, 495), (517, 539), (561, 583), (619, 641), (663, 685), (707, 729), (765, 787), (823, 845), (867, 889), (911, 933), (955, 977), (1013, 1035), (1057, 1079), (1101, 1123), (1145, 1167), (1189, 1210)]
[0] y=473 42.00 n=42.0 min=0.923 ws=[17, 15, 3, 16, 15] sc=[0.925, 0.952, 1.0, 0.923, 0.99]
[1] y=517 0.00 n=0.0 min=0.923 ws=[15, 3, 16, 15] sc=[1.0, 1.0, 0.923, 0.99]
[2] y=561 6.00 n=6.0 min=0.923 ws=[15, 3, 16, 15] sc=[0.987, 1.0, 0.923, 0.99]
[3] y=619 1.60 n=1.6 min=0.958 ws=[8, 3, 15, 15] sc=[1.0, 1.0, 0.958, 0.99]
[4] y=663 2.10 n=2.1 min=0.990 ws=[15, 3, 8, 15] sc=[0.994, 1.0, 1.0, 0.99]
[5] y=707 1.00 n=1.0 min=0.902 ws=[8, 3, 16, 15] sc=[0.902, 1.0, 0.923, 0.99]
[6] y=765 750.00 n=750.0 min=0.923 ws=[15, 14, 15, 3, 16, 15] sc=[0.966, 0.971, 1.0, 1.0, 0.923, 0.99]
[7] y=823 75.00 n=75.0 min=0.923 ws=[15, 15, 3, 16, 15] sc=[0.993, 0.978, 1.0, 0.923, 0.99]
[8] y=867 500 n=500 min=0.923 ws=[15, 16, 15] sc=[1.0, 0.923, 0.99]
[9] y=911 600 n=600 min=0.923 ws=[15, 16, 15] sc=[1.0, 0.923, 0.99]
[10] y=955 0.60 n=0.6 min=0.931 ws=[16, 3, 15, 15] sc=[0.931, 1.0, 0.956, 0.99]
[11] y=1013 0.71 n=0.71 min=0.900 ws=[15, 4, 15, 8] sc=[0.967, 1.0, 0.993, 0.9]
[12] y=1057 0.20 n=0.2 min=0.931 ws=[16, 3, 15, 15] sc=[0.931, 1.0, 1.0, 0.99]
[13] y=1101 0.95 n=0.95 min=0.965 ws=[15, 3, 14, 14] sc=[0.967, 1.0, 0.965, 0.969]
[14] y=1145 4.00 n=4.0 min=0.923 ws=[17, 3, 16, 15] sc=[0.929, 1.0, 0.923, 0.99]
[15] y=1189 1.00 n=1.0 min=0.900 ws=[8, 3, 16, 15] sc=[0.9, 1.0, 0.92, 0.975]
ARRAY [42.0, 0.0, 6.0, 1.6, 2.1, 1.0, 750.0, 75.0, 500, 600, 0.6, 0.71, 0.2, 0.95, 4.0, 1.0]
============================================================ SCORPIONEVO n=16 [(473, 495), (517, 539), (561, 583), (619, 641), (663, 685), (707, 729), (765, 787), (823, 845), (867, 889), (911, 933), (955, 977), (1013, 1035), (1057, 1079), (1101, 1123), (1145, 1167), (1189, 1210)]
[0] y=473 26.00 n=26.0 min=0.923 ws=[15, 15, 3, 16, 15] sc=[0.952, 0.987, 1.0, 0.923, 0.99]
[1] y=517 0.00 n=0.0 min=0.923 ws=[15, 3, 16, 15] sc=[1.0, 1.0, 0.923, 0.99]
[2] y=561 2.00 n=2.0 min=0.923 ws=[15, 3, 16, 15] sc=[0.952, 1.0, 0.923, 0.99]
[3] y=619 2.70 n=2.7 min=0.961 ws=[15, 3, 15, 15] sc=[0.997, 1.0, 0.961, 0.99]
[4] y=663 0.80 n=0.8 min=0.934 ws=[15, 3, 16, 15] sc=[1.0, 1.0, 0.934, 0.99]
[5] y=707 1.00 n=1.0 min=0.902 ws=[8, 3, 16, 15] sc=[0.902, 1.0, 0.923, 0.99]
[6] y=765 440.00 n=440.0 min=0.923 ws=[16, 17, 15, 3, 16, 15] sc=[0.961, 0.989, 1.0, 1.0, 0.923, 0.99]
[7] y=823 68.75 n=68.75 min=0.969 ws=[14, 15, 3, 15, 14] sc=[0.969, 1.0, 1.0, 0.992, 0.969]
[8] y=867 1200 n=1200 min=0.923 ws=[8, 15, 16, 15] sc=[1.0, 0.958, 0.923, 0.99]
[9] y=911 600 n=600 min=0.923 ws=[15, 16, 15] sc=[1.0, 0.923, 0.99]
[10] y=955 0.10 n=0.1 min=0.925 ws=[16, 3, 8, 15] sc=[0.925, 1.0, 1.0, 0.99]
[11] y=1013 0.86 n=0.86 min=0.931 ws=[16, 3, 15, 14] sc=[0.931, 1.0, 0.986, 0.968]
[12] y=1057 0.20 n=0.2 min=0.931 ws=[16, 3, 15, 15] sc=[0.931, 1.0, 1.0, 0.99]
[13] y=1101 1.00 n=1.0 min=0.902 ws=[8, 3, 16, 15] sc=[0.902, 1.0, 0.923, 0.99]
[14] y=1145 3.43 n=3.43 min=0.925 ws=[15, 4, 17, 15] sc=[0.985, 1.0, 0.925, 0.945]
[15] y=1189 1.00 n=1.0 min=0.900 ws=[8, 3, 16, 15] sc=[0.9, 1.0, 0.92, 0.975]
ARRAY [26.0, 0.0, 2.0, 2.7, 0.8, 1.0, 440.0, 68.75, 1200, 600, 0.1, 0.86, 0.2, 1.0, 3.43, 1.0]
============================================================ SG550 n=16 [(473, 495), (517, 539), (561, 583), (619, 641), (663, 685), (707, 729), (765, 787), (823, 845), (867, 889), (911, 933), (955, 977), (1013, 1035), (1057, 1079), (1101, 1123), (1145, 1167), (1189, 1210)]
[0] y=473 29.00 n=29.0 min=0.923 ws=[15, 15, 3, 16, 15] sc=[0.952, 1.0, 1.0, 0.923, 0.99]
[1] y=517 0.00 n=0.0 min=0.923 ws=[15, 3, 16, 15] sc=[1.0, 1.0, 0.923, 0.99]
[2] y=561 5.00 n=5.0 min=0.923 ws=[15, 3, 16, 15] sc=[0.978, 1.0, 0.923, 0.99]
[3] y=619 0.90 n=0.9 min=0.931 ws=[16, 3, 15, 15] sc=[0.931, 1.0, 0.944, 0.99]
[4] y=663 1.10 n=1.1 min=0.947 ws=[7, 3, 8, 15] sc=[0.947, 1.0, 1.0, 0.99]
[5] y=707 1.00 n=1.0 min=0.902 ws=[8, 3, 16, 15] sc=[0.902, 1.0, 0.923, 0.99]
[6] y=765 680.00 n=680.0 min=0.923 ws=[15, 15, 15, 3, 16, 15] sc=[0.982, 0.966, 1.0, 1.0, 0.923, 0.99]
[7] y=823 83.75 n=83.75 min=0.968 ws=[15, 15, 3, 15, 14] sc=[0.972, 0.968, 1.0, 0.992, 0.969]
[8] y=867 670 n=670 min=0.959 ws=[14, 15, 15] sc=[0.968, 0.959, 0.99]
[9] y=911 600 n=600 min=0.923 ws=[15, 16, 15] sc=[1.0, 0.923, 0.99]
[10] y=955 0.60 n=0.6 min=0.931 ws=[16, 3, 15, 15] sc=[0.931, 1.0, 0.956, 0.99]
[11] y=1013 0.86 n=0.86 min=0.931 ws=[16, 3, 15, 14] sc=[0.931, 1.0, 0.986, 0.968]
[12] y=1057 0.15 n=0.15 min=0.902 ws=[15, 4, 8, 14] sc=[0.998, 1.0, 0.902, 0.969]
[13] y=1101 1.00 n=1.0 min=0.902 ws=[8, 3, 16, 15] sc=[0.902, 1.0, 0.923, 0.99]
[14] y=1145 3.30 n=3.3 min=0.962 ws=[15, 3, 15, 15] sc=[0.962, 1.0, 0.968, 0.99]
[15] y=1189 1.00 n=1.0 min=0.900 ws=[8, 3, 16, 15] sc=[0.9, 1.0, 0.92, 0.975]
ARRAY [29.0, 0.0, 5.0, 0.9, 1.1, 1.0, 680.0, 83.75, 670, 600, 0.6, 0.86, 0.15, 1.0, 3.3, 1.0]